102 85
102 18
102 14
156 120
156 185
156 8
113 57
113 69
15 145
15 160
15 131
172 107
172 17
172 183
94 72
94 141
94 50
149 9
149 76
149 58
66 55
59 157
59 97
59 166
38 125
38 7
38 169
124 158
124 112
124 63
11 87
11 154
11 74
75 126
164 16
31 117
31 30
31 134
80 86
104 155
104 162
104 167
84 132
84 77
84 108
41 12
41 32
41 10
73 151
73 150
73 100
138 96
138 23
138 25
57 69
77 132
77 108
166 157
166 97
106 37
106 33
106 46
47 70
47 43
47 61
162 155
162 167
3 171
3 122
3 182
6 60
6 105
6 178
76 9
76 58
129 45
129 2
78 115
78 53
78 137
98 133
58 92
58 9
14 85
14 18
88 26
88 42
88 142
39 176
39 93
141 72
141 50
51 13
51 29
51 27
148 123
148 4
148 179
25 96
25 23
136 116
136 49
136 64
100 151
100 150
95 36
105 60
105 178
165 52
165 152
165 139
101 170
101 5
101 65
114 147
114 153
114 22
49 64
49 116
144 71
125 7
125 169
37 33
37 46
45 2
17 107
17 183
140 83
168 119
168 181
22 147
22 153
40 177
40 44
40 184
116 64
90 175
20 99
20 135
20 67
7 169
108 132
33 48
33 46
29 13
29 27
74 87
74 154
107 183
48 127
48 146
54 173
54 118
54 163
4 123
4 179
27 13
61 43
61 70
123 179
1 81
32 12
32 10
18 85
154 87
130 24
130 143
21 174
21 159
21 180
5 170
5 65
63 158
63 112
131 145
131 160
143 24
178 60
82 26
82 111
96 23
161 110
161 34
161 79
35 56
120 185
120 8
146 127
42 26
42 142
142 26
12 10
158 112
160 145
134 117
134 30
159 174
159 180
180 174
99 135
99 67
182 122
182 171
157 97
185 8
122 171
167 155
103 89
9 93
153 147
137 115
137 53
68 24
92 121
92 19
118 173
118 163
139 52
139 152
67 135
70 43
34 110
34 79
91 109
91 28
115 53
109 28
152 52
44 177
44 184
30 117
177 184
65 170
93 176
110 79
150 151
119 181
72 50
173 163
121 19
