159 101
159 14
159 102
156 152
15 173
15 89
15 95
15 145
15 117
102 101
102 13
102 14
102 27
115 33
13 27
128 8
59 157
59 155
175 74
130 99
130 53
99 127
99 50
99 146
11 154
164 53
164 16
31 177
31 117
104 22
157 97
84 108
41 10
73 142
73 42
132 77
103 106
9 93
112 185
112 96
16 53
77 48
153 22
30 27
92 96
118 117
179 123
179 63
6 105
139 20
139 152
139 17
70 105
129 168
98 95
98 36
98 62
152 95
88 26
39 158
39 93
39 62
141 36
141 50
89 95
89 134
136 2
95 62
95 36
97 87
177 117
142 42
36 62
165 52
114 147
28 91
2 27
125 169
87 5
146 127
91 90
145 50
133 154
174 117
44 184
44 154
151 35
48 127
144 71
72 50
81 1
27 134
63 50
62 158
163 143
143 117
121 117
