107 124
107 32
107 106
107 71
107 29
69 91
69 124
69 113
69 6
69 21
69 67
113 110
113 91
113 65
113 59
113 67
21 6
21 106
21 67
67 91
67 4
67 130
67 123
67 110
67 59
67 142
67 6
67 32
67 71
123 47
123 130
123 91
123 106
123 49
123 71
123 4
123 142
123 32
123 42
6 124
32 110
32 106
32 130
32 71
32 4
32 91
32 29
32 1
76 54
76 130
76 18
76 3
76 109
76 4
76 124
76 47
76 112
76 79
91 110
91 65
91 4
91 29
91 10
91 59
91 142
91 124
91 79
49 42
109 54
109 47
109 124
109 18
109 79
54 47
54 10
54 79
54 4
54 142
54 124
54 18
54 3
42 142
42 79
142 130
142 10
142 79
142 110
142 4
142 47
130 134
130 47
130 3
130 4
130 124
130 18
130 79
59 106
59 110
112 65
29 106
29 1
106 1
1 10
1 71
1 79
124 3
124 134
124 47
124 18
124 79
47 18
47 3
47 4
47 79
3 18
3 79
65 79
4 110
4 10
4 71
71 110
71 79
110 79
18 79
