53 91
107 17
107 32
107 91
138 113
138 91
138 72
138 110
69 126
69 91
113 110
113 91
113 65
21 126
141 68
67 110
67 4
99 124
99 18
99 79
37 142
37 10
6 90
26 1
32 29
76 54
76 18
76 79
76 62
76 90
76 47
76 109
91 110
91 65
91 90
91 17
91 54
91 126
91 72
91 59
91 124
19 23
19 14
19 73
49 42
109 54
109 126
109 90
54 126
54 10
54 90
54 3
54 79
68 142
118 41
118 106
42 22
42 142
42 79
142 10
73 17
73 23
73 10
73 1
73 14
73 79
62 18
59 110
59 72
59 65
23 17
23 1
23 14
29 126
126 110
126 90
126 124
106 41
1 10
1 14
124 18
17 14
3 90
65 110
65 72
65 79
13 10
90 79
