53 110
53 91
53 72
53 65
53 59
107 17
107 32
107 29
138 113
138 72
138 126
69 126
69 72
69 37
69 6
69 21
69 97
113 126
113 72
113 110
113 67
21 126
21 37
21 6
21 97
21 67
141 68
141 92
141 4
141 48
97 126
97 106
97 37
97 71
97 6
97 4
67 91
67 65
67 4
67 59
67 33
67 72
67 37
67 71
67 63
67 123
99 18
99 134
99 79
99 124
99 47
99 76
99 109
37 126
37 6
123 71
123 4
123 63
123 33
123 79
6 126
6 90
26 41
26 118
26 106
26 49
26 42
26 22
32 17
32 130
32 1
32 73
32 14
32 29
76 54
76 134
76 3
76 18
76 62
76 90
76 79
76 109
92 68
92 48
92 134
92 4
91 110
91 72
91 65
91 126
91 59
19 23
19 10
19 14
19 1
19 73
49 22
49 118
49 106
49 42
109 18
109 3
109 62
109 134
109 54
109 126
109 90
109 124
109 47
109 79
54 126
54 134
54 3
54 79
54 62
54 90
54 18
68 48
68 112
68 4
118 22
118 106
118 42
118 41
42 22
42 106
42 41
42 47
142 13
142 4
48 4
48 134
48 112
86 130
73 17
73 23
73 1
73 14
130 110
130 4
130 134
130 79
139 102
62 134
62 3
62 90
62 18
62 79
63 71
63 4
63 79
63 33
59 110
59 72
59 65
59 126
112 4
23 17
23 1
23 14
29 17
29 14
29 1
126 110
126 124
126 72
126 90
106 41
106 22
1 10
1 14
102 33
124 47
134 4
134 13
134 90
134 79
17 14
47 79
3 79
3 90
3 18
65 72
4 33
4 13
4 71
41 22
33 71
14 10
72 110
90 79
90 18
18 79
