53 110
53 91
107 17
107 86
107 139
107 32
107 29
107 71
138 113
138 91
138 67
138 110
69 126
69 48
69 67
113 110
113 91
113 67
21 33
21 67
141 68
141 4
97 139
97 118
97 123
97 4
97 26
97 32
97 67
97 71
67 91
67 139
67 4
67 63
67 59
67 123
67 126
67 118
67 72
67 37
67 71
67 110
67 6
67 33
67 65
99 130
99 47
99 123
99 4
99 134
99 79
123 110
123 139
123 62
123 130
123 63
123 90
123 22
123 106
123 76
123 26
123 124
123 17
123 47
123 49
123 4
123 3
123 33
123 54
123 118
123 71
123 42
123 142
123 18
123 79
6 71
26 110
26 49
26 139
26 130
26 33
26 118
26 106
26 71
26 1
26 42
26 22
26 32
26 140
26 79
32 17
32 130
32 86
32 1
32 110
32 73
32 14
32 29
76 130
76 62
76 4
92 13
92 4
91 110
91 72
91 65
91 59
19 54
19 23
19 10
19 71
19 1
19 73
19 14
19 139
49 22
109 54
109 130
109 62
54 13
54 130
54 90
54 4
54 79
68 142
68 112
68 4
118 106
118 90
118 41
118 71
118 33
42 22
42 79
142 4
48 13
48 4
140 71
73 17
73 23
73 10
73 1
73 14
130 18
130 47
130 62
130 4
130 10
130 1
130 124
130 134
130 79
139 10
139 1
139 71
139 14
139 29
62 47
62 18
63 71
63 33
63 4
59 110
112 4
23 17
23 10
23 1
23 14
29 17
126 110
106 41
1 10
1 71
1 124
1 79
1 14
124 4
134 4
17 14
3 90
65 72
4 79
4 13
4 71
4 90
4 33
41 22
33 110
33 71
14 10
14 71
72 110
71 110
110 79
