1 6
1 8
1 11
1 12
1 14
1 16
1 17
1 19
1 21
1 22
1 26
1 27
1 2
1 5
1 9
6 2
6 4
6 5
6 3
6 7
6 8
6 10
6 11
6 12
6 20
6 21
6 22
6 23
6 24
6 26
6 27
6 29
8 2
8 3
8 5
8 4
8 7
8 10
8 11
8 12
8 13
8 14
8 15
8 16
8 17
8 18
8 19
8 20
8 21
8 22
8 23
8 24
8 25
8 26
8 27
8 28
8 29
8 9
11 2
11 3
11 5
11 9
11 4
11 7
11 10
11 12
11 13
11 14
11 15
11 16
11 17
11 18
11 19
11 20
11 21
11 22
11 23
11 24
11 25
11 26
11 27
11 28
11 29
12 9
12 10
12 5
12 14
12 16
12 17
12 22
12 28
14 2
14 5
14 9
14 13
14 15
14 16
14 17
14 19
14 20
14 21
14 22
14 23
14 24
14 26
14 27
16 2
16 5
16 9
16 13
16 15
16 10
16 17
16 19
16 20
16 21
16 22
16 23
16 24
16 26
16 18
17 9
17 13
17 15
17 19
17 24
17 26
17 28
17 29
17 27
19 2
19 5
19 9
19 13
19 15
19 18
19 20
19 21
19 22
19 23
19 24
19 26
19 27
21 2
21 5
21 13
21 15
21 20
21 22
21 23
21 24
21 27
21 28
22 5
22 13
22 15
22 20
22 2
22 23
22 26
22 27
22 29
22 24
26 9
26 13
26 15
26 20
26 23
26 24
26 27
26 28
26 29
27 5
27 13
27 15
27 20
27 23
27 24
27 28
27 29
2 3
2 4
2 5
2 7
2 10
2 15
2 20
2 9
2 28
2 29
3 4
3 7
3 9
4 5
4 7
4 10
4 9
4 28
4 29
5 10
5 15
5 20
5 23
5 28
5 29
7 9
10 9
15 13
15 20
15 23
15 24
15 28
15 29
20 13
20 23
20 24
20 25
20 28
9 18
9 23
9 24
9 25
9 28
9 29
23 13
23 25
23 29
23 24
23 28
28 24
28 13
28 29
29 13
29 24
24 13
24 18
24 25
13 18
13 25
18 25
