1 8
1 11
1 12
1 6
1 9
8 2
8 3
8 5
8 6
8 4
8 7
8 10
8 11
8 12
8 13
8 14
8 15
8 16
8 17
8 20
8 21
8 22
8 24
8 27
8 28
8 29
8 9
11 2
11 3
11 5
11 6
11 9
11 4
11 7
11 10
11 12
11 13
11 14
11 16
11 19
11 20
11 21
11 22
12 6
2 5
2 6
2 10
2 15
2 16
2 21
2 9
5 6
5 10
5 15
5 16
5 19
5 21
5 28
6 3
6 4
6 10
10 4
15 14
15 16
15 19
15 20
15 21
15 22
15 23
15 24
15 28
16 14
16 20
16 21
16 22
16 23
21 13
21 14
21 19
21 20
21 22
21 23
3 4
3 7
19 14
19 20
19 22
19 23
19 24
28 24
28 9
28 13
28 23
28 29
13 14
13 18
13 20
13 22
13 23
13 25
13 29
14 20
14 22
14 23
14 26
14 27
14 24
17 24
17 29
17 27
20 22
20 23
20 27
20 26
22 23
22 26
22 27
24 23
24 26
24 27
24 29
27 26
27 29
29 23
9 26
18 25
