1 2
1 5
1 6
1 11
1 12
1 14
1 16
1 8
2 5
2 6
2 8
2 10
2 15
2 16
2 21
2 11
2 12
5 6
5 8
5 11
5 15
5 16
5 19
5 21
5 10
5 12
6 3
6 4
6 8
6 11
6 14
6 15
6 16
6 17
6 19
6 20
6 21
6 22
6 23
6 24
6 26
6 27
6 29
6 12
11 3
11 8
11 9
11 10
11 4
11 7
11 12
11 14
11 16
11 20
11 21
11 22
11 23
12 8
12 3
12 14
12 15
12 16
14 8
14 13
14 15
14 16
14 17
14 19
14 20
14 21
14 22
14 23
14 24
14 26
14 27
16 8
16 9
16 13
16 15
16 17
16 20
16 21
16 22
16 19
16 23
16 24
8 3
8 4
8 7
8 10
8 17
8 19
8 20
8 21
8 22
8 23
8 24
8 9
15 13
15 21
15 19
15 20
15 22
15 23
15 24
15 28
21 13
21 19
21 20
21 22
21 23
3 4
3 7
3 9
19 20
19 22
19 23
19 24
19 27
19 28
19 29
17 24
20 13
20 22
20 23
20 27
20 26
22 13
22 23
22 26
22 27
23 9
23 13
23 24
23 28
23 29
24 13
24 26
24 27
24 29
24 28
26 9
26 27
26 28
27 28
27 29
29 28
29 13
13 18
13 25
13 28
18 25
