2 17
2 19
2 20
2 21
2 22
2 23
2 24
2 25
2 28
2 29
2 30
2 31
2 32
2 33
2 34
2 35
2 36
2 37
2 40
2 43
2 44
2 45
2 49
2 50
2 51
2 52
2 53
2 54
2 55
2 56
2 59
2 60
2 61
2 62
2 63
2 64
2 65
2 68
2 69
2 73
2 74
2 75
2 82
2 86
2 87
2 88
2 89
2 90
2 91
2 92
2 93
2 95
2 96
2 97
2 98
2 99
2 100
2 101
2 102
2 103
2 104
2 105
2 106
2 107
2 108
2 109
2 110
2 111
2 112
2 113
2 114
2 115
2 116
14 26
14 27
14 38
14 39
14 41
14 42
14 46
14 47
14 48
14 57
14 58
14 66
14 67
14 70
14 71
14 72
14 76
14 77
14 78
14 79
14 80
14 81
14 83
14 84
14 85
14 94
14 154
17 23
17 40
17 55
17 64
17 91
19 43
19 51
19 92
20 21
20 22
20 23
20 24
20 25
21 22
21 23
21 24
21 25
22 23
22 24
22 25
23 24
23 25
23 43
24 25
26 27
26 76
26 154
27 41
27 42
27 46
27 47
27 48
27 66
27 67
27 77
27 78
27 79
27 80
27 81
27 83
27 84
27 85
28 29
28 30
29 30
31 32
32 68
32 69
32 82
32 95
32 96
32 105
32 112
32 113
32 114
33 34
33 35
33 36
33 37
34 35
34 36
34 37
35 36
35 37
36 37
38 39
40 97
40 107
40 108
40 109
40 110
41 42
41 66
41 67
42 66
42 67
43 63
43 64
43 65
43 90
43 106
44 45
46 47
46 48
47 48
49 50
49 93
50 93
52 53
52 54
52 55
52 56
53 54
53 55
53 56
54 55
54 56
55 56
55 73
55 74
55 75
55 102
55 109
57 58
59 60
59 61
59 62
60 61
60 62
61 62
63 64
63 65
64 65
64 88
64 89
64 91
64 106
66 67
70 71
70 72
71 72
73 74
73 75
73 111
74 75
76 77
76 78
77 78
77 79
77 80
77 81
78 79
78 80
78 81
79 80
79 81
80 81
83 84
83 85
84 85
85 94
86 87
88 89
95 97
95 98
95 99
95 100
95 101
95 102
95 103
97 98
97 99
97 100
97 101
97 102
97 103
97 107
97 108
97 109
97 110
98 99
98 100
98 101
98 102
98 103
99 100
99 101
99 102
99 103
100 101
100 102
100 103
101 102
101 103
102 103
102 109
107 108
107 109
107 110
108 109
108 110
109 110
112 113
112 114
113 114
