2 17
2 19
2 23
2 55
2 64
2 88
2 89
2 139
2 140
2 141
2 142
2 143
2 146
2 147
2 148
2 149
2 150
2 151
2 158
2 159
2 160
2 163
14 26
14 27
14 41
14 70
14 76
14 78
14 117
14 118
14 119
14 120
14 121
14 122
14 123
14 124
14 125
14 126
14 127
14 128
14 129
14 130
14 131
14 132
14 133
14 134
14 135
14 136
14 137
14 138
14 143
14 144
14 145
14 153
14 155
14 156
14 157
14 161
14 162
14 164
14 165
14 166
14 167
14 168
14 169
14 170
14 171
14 172
14 173
14 174
14 175
14 176
14 177
14 178
14 179
14 180
14 181
14 182
14 183
14 184
14 185
14 186
14 187
14 188
14 189
14 190
17 55
19 158
19 159
19 160
19 163
26 27
26 117
26 118
26 119
26 157
27 118
27 119
27 124
27 125
27 126
41 123
41 153
55 146
55 147
55 148
55 149
55 150
55 151
64 88
64 89
70 120
76 78
76 131
76 132
76 133
78 131
78 132
78 133
88 89
117 157
118 119
121 122
121 134
123 165
124 125
124 126
125 126
127 164
127 167
127 168
127 169
127 170
127 188
127 189
128 129
128 130
129 130
131 132
131 133
132 133
135 136
137 138
139 140
139 141
139 142
139 143
140 141
140 142
140 143
141 142
141 143
142 143
143 161
143 166
143 171
144 145
145 162
146 147
146 148
146 149
146 150
146 151
147 148
147 149
147 150
147 151
148 149
148 150
148 151
149 150
149 151
150 151
155 156
158 159
158 160
158 163
159 160
161 166
161 171
161 181
161 182
164 166
164 188
164 189
166 171
167 168
167 169
167 170
168 169
168 170
168 173
168 174
168 175
169 170
173 174
173 175
174 175
176 177
176 178
176 179
176 180
177 178
177 179
177 180
178 179
178 180
179 180
181 182
184 185
184 186
184 187
185 186
185 187
186 187
188 189
